q11=166;
q12=0;
q13= 12.7;

q2 = q12;
q1 = q11;
q3 = q13;
r = 1;
