q11=.52;
q12=0;
q13=.4;

q2 = q12;
q1 = q11;
q3 = q13;
r = 0.0000052;